0	1
1	3
2	3
3	4
4	6
5	7
6	7
7	8
8	8
9	9
10	11
11	12
12	12
13	13
14	13
15	14
16	16
17	17
18	17
19	18
20	18
21	19
22	21
23	22
24	22
25	23
26	23
27	24
28	26
29	26
30	26
31	27
32	27
33	28
34	30
35	31
36	31
37	32
38	32
39	33
40	35
41	36
42	36
43	37
44	37
45	38
46	40
47	41
48	41
49	42
50	42
51	43
52	45
53	46
54	46
55	47
56	47
57	48
58	50
59	51
60	51
61	51
62	53
63	54
64	54
65	55
66	55
67	56
68	58
69	59
70	59
71	60
72	60
73	61
74	63
75	64
76	63
77	63
78	64
79	64
80	65
81	67
82	68
83	68
84	69
85	69
86	70
87	72
88	73
89	73
90	74
91	74
92	75
93	77
94	78
95	78
96	79
97	79
98	80
99	82
100	83
101	83
102	84
103	84
104	85
105	87
106	88
107	88
108	88
109	90
110	91
111	91
112	92
113	92
114	93
115	95
116	96
117	96
118	97
119	97
120	98
121	100
122	101
123	100
124	100
125	101
126	101
127	102
128	104
129	105
130	105
131	106
132	106
133	107
134	109
135	110
136	110
137	111
138	111
139	112
140	114
141	115
142	115
143	116
144	116
145	117
146	119
147	120
148	120
149	121
150	121
151	122
152	124
153	125
154	125
155	125
156	127
157	128
158	128
159	129
160	129
161	130
162	132
163	133
164	133
165	134
166	134
167	135
168	137
169	138
170	137
171	137
172	138
173	138
174	139
175	141
176	142
177	142
178	143
179	143
180	144
181	146
182	147
183	147
184	148
185	148
186	149
187	151
188	152
189	152
190	153
191	153
192	154
193	156
194	157
195	157
196	158
197	158
198	159
199	161
200	162
201	162
202	162
203	164
204	165
205	165
206	166
207	166
208	167
209	169
210	170
211	170
212	171
213	171
214	172
215	174
216	175
217	174
218	174
219	175
220	175
221	176
222	178
223	179
224	179
225	180
226	180
227	181
228	183
229	184
230	184
231	185
232	185
233	186
234	188
235	189
236	189
237	190
238	190
239	191
240	193
241	194
242	194
243	195
244	195
245	196
246	198
247	199
248	199
249	199
250	201
251	202
252	202
253	203
254	203
255	204
256	206
257	207
258	207
259	208
260	208
261	209
262	211
263	212
264	211
265	211
266	212
267	212
268	213
269	215
270	216
271	216
272	217
273	217
274	218
275	220
276	221
277	221
278	222
279	222
280	223
281	225
282	226
283	226
284	227
285	227
286	228
287	230
288	231
289	231
290	232
291	232
292	233
293	235
294	236
295	236
296	236
297	238
298	239
299	239
300	240
301	240
302	241
303	243
304	244
305	244
306	245
307	245
308	246
309	248
310	249
311	248
312	248
313	249
314	249
315	250
316	252
317	253
318	253
319	254
320	254
321	255
322	257
323	258
324	258
325	259
326	259
327	260
328	262
329	263
330	263
331	264
332	264
333	265
334	267
335	268
336	268
337	269
338	269
339	270
340	272
341	273
342	273
343	273
344	275
345	276
346	276
347	277
348	277
349	278
350	280
351	281
352	281
353	282
354	282
355	283
356	285
357	286
358	285
359	285
360	285
361	287
362	288
363	288
364	289
365	289
366	290
367	292
368	293
369	293
370	294
371	294
372	295
373	297
374	298
375	298
376	299
377	299
378	300
379	302
380	303
381	303
382	304
383	304
384	305
385	307
386	308
387	308
388	309
389	308
390	310
391	311
392	311
393	312
394	312
395	313
396	315
397	316
398	316
399	317
400	317
401	318
402	320
403	321
404	320
405	320
406	321
407	321
408	322
409	324
410	325
411	325
412	326
413	326
414	327
415	329
416	330
417	330
418	331
419	331
420	332
421	334
422	335
423	335
424	336
425	336
426	337
427	339
428	340
429	340
430	341
431	341
432	342
433	344
434	345
435	345
436	345
437	347
438	348
439	348
440	349
441	349
442	350
443	352
444	353
445	353
446	354
447	354
448	355
449	357
450	358
451	357
452	356
453	357
454	357
455	357
456	357
457	358
458	358
459	359
460	361
461	362
462	362
463	363
464	363
465	364
466	366
467	367
468	367
469	368
470	368
471	369
472	371
473	372
474	372
475	373
476	373
477	374
478	376
479	377
480	377
481	378
482	378
483	379
484	381
485	382
486	382
487	382
488	384
489	385
490	385
491	386
492	386
493	387
494	389
495	390
496	390
497	391
498	391
499	392
500	394
501	395
502	394
503	394
504	395
505	395
506	396
507	398
508	399
509	399
510	400
511	400
512	401
513	403
514	404
515	404
516	405
517	405
518	406
519	408
520	409
521	409
522	410
523	410
524	411
525	413
526	414
527	414
528	415
529	415
530	416
531	418
532	419
533	419
534	419
535	421
536	422
537	422
538	423
539	423
540	424
541	426
542	427
543	427
544	428
545	428
546	429
547	431
548	432
549	431
550	431
551	432
552	432
553	433
554	435
555	436
556	436
557	437
558	437
559	438
560	440
561	441
562	441
563	442
564	442
565	443
566	445
567	446
568	446
569	447
570	447
571	448
572	450
573	451
574	451
575	452
576	452
577	453
578	455
579	456
580	456
581	456
582	458
583	459
584	459
585	460
586	460
587	461
588	463
589	464
590	464
591	465
592	465
593	466
594	468
595	469
596	468
597	468
598	469
599	469
600	470
601	472
602	473
603	473
604	474
605	474
606	475
607	477
608	478
609	478
610	479
611	479
612	480
613	482
614	483
615	483
616	484
617	484
618	485
619	487
620	488
621	488
622	489
623	489
624	490
625	492
626	493
627	493
628	493
629	495
630	496
631	496
632	497
633	497
634	498
635	500
636	501
637	501
638	502
639	502
640	503
641	505
642	506
643	505
644	505
645	506
646	506
647	507
648	509
649	510
650	510
651	511
652	511
653	512
654	514
655	515
656	515
657	516
658	516
659	517
660	519
661	520
662	520
663	521
664	521
665	522
666	524
667	525
668	525
669	526
670	526
671	527
672	529
673	530
674	530
675	530
676	532
677	533
678	533
679	534
680	534
681	535
682	537
683	538
684	538
685	539
686	539
687	540
688	542
689	543
690	542
691	542
692	543
693	543
694	544
695	546
696	547
697	546
698	546
699	547
700	547
701	548
702	550
703	551
704	551
705	552
706	552
707	553
708	555
709	556
710	556
711	557
712	557
713	558
714	560
715	561
716	561
717	562
718	562
719	563
720	565
721	566
722	566
723	567
724	567
725	568
726	570
727	571
728	571
729	571
730	573
731	574
732	574
733	575
734	575
735	576
736	578
737	579
738	579
739	580
740	580
741	581
742	583
743	584
744	583
745	583
746	584
747	584
748	585
749	587
750	588
751	588
752	589
753	589
754	590
755	592
756	593
757	593
758	594
759	594
760	595
761	597
762	598
763	598
764	599
765	599
766	600
767	602
768	603
769	603
770	604
771	604
772	605
773	607
774	608
775	608
776	608
777	610
778	611
779	611
780	612
781	612
782	613
783	615
784	616
785	616
786	617
787	617
788	618
789	620
790	621
791	620
792	620
793	621
794	621
795	622
796	624
797	625
798	625
799	626
800	626
801	627
802	629
803	630
804	630
805	631
806	631
807	632
808	634
809	635
810	635
811	636
812	636
813	637
814	639
815	640
816	640
817	641
818	641
819	642
820	644
821	645
822	645
823	645
824	647
825	648
826	648
827	649
828	649
829	650
830	652
831	653
832	653
833	654
834	654
835	655
836	657
837	658
838	657
839	657
840	657
841	659
842	660
843	660
844	661
845	661
846	662
847	664
848	665
849	665
850	666
851	666
852	667
853	669
854	670
855	670
856	671
857	671
858	672
859	674
860	675
861	675
862	676
863	676
864	677
865	679
866	680
867	680
868	681
869	680
870	682
871	683
872	683
873	684
874	684
875	685
876	687
877	688
878	688
879	689
880	689
881	690
882	692
883	693
884	692
885	692
886	693
887	693
888	694
889	696
890	697
891	697
892	698
893	698
894	699
895	701
896	702
897	702
898	703
899	703
900	704
901	706
902	707
903	707
904	708
905	708
906	709
907	711
908	712
909	712
910	713
911	713
912	714
913	716
914	717
915	717
916	717
917	719
918	720
919	720
920	721
921	721
922	722
923	724
924	725
925	725
926	726
927	726
928	727
929	729
930	730
931	729
932	729
933	730
934	730
935	731
936	733
937	734
938	734
939	735
940	735
941	736
942	738
943	739
944	739
945	740
946	740
947	741
948	743
949	744
950	744
951	745
952	745
953	746
954	748
955	749
956	749
957	750
958	750
959	751
960	753
961	754
962	754
963	754
964	756
965	757
966	757
967	758
968	758
969	759
970	761
971	762
972	762
973	763
974	763
975	764
976	766
977	767
978	766
979	766
980	767
981	767
982	768
983	770
984	771
985	770
986	770
987	771
988	771
989	772
990	774
991	775
992	775
993	776
994	776
995	777
996	779
997	780
998	780
999	781
1000	781
1001	782
1002	784
1003	785
1004	785
1005	786
1006	786
1007	787
1008	789
1009	790
1010	790
1011	791
1012	791
1013	792
1014	794
1015	795
1016	795
1017	795
1018	797
1019	798
1020	798
1021	799
1022	799
1023	800
1024	802
1025	803
1026	803
1027	804
1028	804
1029	805
1030	807
1031	808
1032	807
1033	807
1034	808
1035	808
1036	809
1037	811
1038	812
1039	812
1040	813
1041	813
1042	814
1043	816
1044	817
1045	817
1046	818
1047	818
1048	819
1049	821
1050	822
1051	822
1052	823
1053	823
1054	824
1055	826
1056	827
1057	827
1058	828
1059	828
1060	829
1061	831
1062	832
1063	832
1064	832
1065	834
1066	835
1067	835
1068	836
1069	836
1070	837
1071	839
1072	840
1073	840
1074	841
1075	841
1076	842
1077	844
1078	845
1079	844
1080	844
1081	845
1082	845
1083	846
1084	848
1085	849
1086	849
1087	850
1088	850
1089	851
1090	853
1091	854
1092	854
1093	855
1094	855
1095	856
1096	858
1097	859
1098	859
1099	860
1100	860
1101	861
1102	863
1103	864
1104	864
1105	865
1106	865
1107	866
1108	868
1109	869
1110	869
1111	869
1112	871
1113	872
1114	872
1115	873
1116	873
1117	874
1118	876
1119	877
1120	877
1121	878
1122	878
1123	879
1124	881
1125	882
1126	881
1127	881
1128	882
1129	882
1130	883
1131	885
1132	886
1133	886
1134	887
1135	887
1136	888
1137	890
1138	891
1139	891
1140	892
1141	892
1142	893
1143	895
1144	896
1145	896
1146	897
1147	897
1148	898
1149	900
1150	901
1151	901
1152	902
1153	902
1154	903
1155	905
1156	906
1157	906
1158	906
1159	908
1160	909
1161	909
1162	910
1163	910
1164	911
1165	913
1166	914
1167	914
1168	915
1169	915
1170	916
1171	918
1172	919
1173	918
1174	918
1175	919
1176	919
1177	920
1178	922
1179	923
1180	923
1181	924
1182	924
1183	925
1184	927
1185	928
1186	928
1187	929
1188	929
1189	930
1190	932
1191	933
1192	933
1193	934
1194	934
1195	935
1196	937
1197	938
1198	938
1199	939
1200	939
1201	940
1202	942
1203	943
1204	943
1205	943
1206	945
1207	946
1208	946
1209	947
1210	947
1211	948
1212	950
1213	951
1214	951
1215	952
1216	952
1217	953
1218	955
1219	956
1220	955
1221	955
1222	956
1223	956
1224	957
1225	959
1226	960
1227	960
1228	961
1229	961
1230	962
1231	964
1232	965
1233	965
1234	966
1235	966
1236	967
1237	969
1238	970
1239	970
1240	971
1241	971
1242	972
1243	974
1244	975
1245	975
1246	976
1247	976
1248	977
1249	979
1250	980
1251	980
1252	980
1253	982
1254	983
1255	983
1256	984
1257	984
1258	985
1259	987
1260	988
1261	988
1262	989
1263	989
1264	990
1265	992
1266	993
1267	992
1268	992
1269	992
1270	994
1271	995
1272	995
1273	996
1274	996
1275	997
1276	999
1277	1000
1278	1000
1279	1001
1280	1001
1281	1002
1282	1004
1283	1005
1284	1005
1285	1006
1286	1006
1287	1007
1288	1009
1289	1010
1290	1010
1291	1011
1292	1011
1293	1012
1294	1014
1295	1015
1296	1015
1297	1016
1298	1015
1299	1017
1300	1018
1301	1018
1302	1019
1303	1019
1304	1020
1305	1022
1306	1023
1307	1023
1308	1024
1309	1024
1310	1025
1311	1027
1312	1028
1313	1027
1314	1027
1315	1028
1316	1028
1317	1029
1318	1031
1319	1032
1320	1032
1321	1033
1322	1033
1323	1034
1324	1036
1325	1037
1326	1037
1327	1038
1328	1038
1329	1039
1330	1041
1331	1042
1332	1042
1333	1043
1334	1043
1335	1044
1336	1046
1337	1047
1338	1047
1339	1048
1340	1048
1341	1049
1342	1051
1343	1052
1344	1052
1345	1052
1346	1054
1347	1055
1348	1055
1349	1056
1350	1056
1351	1057
1352	1059
1353	1060
1354	1060
1355	1061
1356	1061
1357	1062
1358	1064
1359	1065
1360	1064
1361	1063
1362	1064
1363	1064
1364	1064
1365	1064
1366	1065
1367	1065
1368	1066
1369	1068
1370	1069
1371	1069
1372	1070
1373	1070
1374	1071
1375	1073
1376	1074
1377	1074
1378	1075
1379	1075
1380	1076
1381	1078
1382	1079
1383	1079
1384	1080
1385	1080
1386	1081
1387	1083
1388	1084
1389	1084
1390	1085
1391	1085
1392	1086
1393	1088
1394	1089
1395	1089
1396	1089
1397	1091
1398	1092
1399	1092
1400	1093
1401	1093
1402	1094
1403	1096
1404	1097
1405	1097
1406	1098
1407	1098
1408	1099
1409	1101
1410	1102
1411	1101
1412	1101
1413	1102
1414	1102
1415	1103
1416	1105
1417	1106
1418	1106
1419	1107
1420	1107
1421	1108
1422	1110
1423	1111
1424	1111
1425	1112
1426	1112
1427	1113
1428	1115
1429	1116
1430	1116
1431	1117
1432	1117
1433	1118
1434	1120
1435	1121
1436	1121
1437	1122
1438	1122
1439	1123
1440	1125
1441	1126
1442	1126
1443	1126
1444	1128
1445	1129
1446	1129
1447	1130
1448	1130
1449	1131
1450	1133
1451	1134
1452	1134
1453	1135
1454	1135
1455	1136
1456	1138
1457	1139
1458	1138
1459	1138
1460	1139
1461	1139
1462	1140
1463	1142
1464	1143
1465	1143
1466	1144
1467	1144
1468	1145
1469	1147
1470	1148
1471	1148
1472	1149
1473	1149
1474	1150
1475	1152
1476	1153
1477	1153
1478	1154
1479	1154
1480	1155
1481	1157
1482	1158
1483	1158
1484	1159
1485	1159
1486	1160
1487	1162
1488	1163
1489	1163
1490	1163
1491	1165
1492	1166
1493	1166
1494	1167
1495	1167
1496	1168
1497	1170
1498	1171
1499	1171
1500	1172
1501	1172
1502	1173
1503	1175
1504	1176
1505	1175
1506	1175
1507	1176
1508	1176
1509	1177
1510	1179
1511	1180
1512	1180
1513	1181
1514	1181
1515	1182
1516	1184
1517	1185
1518	1185
1519	1186
1520	1186
1521	1187
1522	1189
1523	1190
1524	1190
1525	1191
1526	1191
1527	1192
1528	1194
1529	1195
1530	1195
1531	1196
1532	1196
1533	1197
1534	1199
1535	1200
1536	1200
1537	1200
1538	1202
1539	1203
1540	1203
1541	1204
1542	1204
1543	1205
1544	1207
1545	1208
1546	1208
1547	1209
1548	1209
1549	1210
1550	1212
1551	1213
1552	1212
1553	1212
1554	1213
1555	1213
1556	1214
1557	1216
1558	1217
1559	1217
1560	1218
1561	1218
1562	1219
1563	1221
1564	1222
1565	1222
1566	1223
1567	1223
1568	1224
1569	1226
1570	1227
1571	1227
1572	1228
1573	1228
1574	1229
1575	1231
1576	1232
1577	1232
1578	1233
1579	1233
1580	1234
1581	1236
1582	1237
1583	1237
1584	1237
1585	1239
1586	1240
1587	1240
1588	1241
1589	1241
1590	1242
1591	1244
1592	1245
1593	1245
1594	1246
1595	1246
1596	1247
1597	1249
1598	1250
1599	1249
1600	1249
1601	1250
1602	1250
1603	1251
1604	1253
1605	1254
1606	1253
1607	1253
1608	1254
1609	1254
1610	1255
1611	1257
1612	1258
1613	1258
1614	1259
1615	1259
1616	1260
1617	1262
1618	1263
1619	1263
1620	1264
1621	1264
1622	1265
1623	1267
1624	1268
1625	1268
1626	1269
1627	1269
1628	1270
1629	1272
1630	1273
1631	1273
1632	1273
1633	1273
1634	1274
1635	1276
1636	1277
1637	1277
1638	1277
1639	1279
1640	1280
1641	1280
1642	1281
1643	1281
1644	1282
1645	1284
1646	1285
1647	1285
1648	1286
1649	1286
1650	1287
1651	1289
1652	1290
1653	1289
1654	1289
1655	1290
1656	1290
1657	1291
1658	1293
1659	1294
1660	1294
1661	1295
1662	1295
1663	1296
1664	1298
1665	1299
1666	1299
1667	1300
1668	1300
1669	1301
1670	1303
1671	1304
1672	1304
1673	1305
1674	1305
1675	1306
1676	1308
1677	1309
1678	1309
1679	1310
1680	1310
1681	1311
1682	1313
1683	1314
1684	1314
1685	1314
1686	1316
1687	1317
1688	1317
1689	1318
1690	1318
1691	1319
1692	1321
1693	1322
1694	1322
1695	1323
1696	1323
1697	1324
1698	1326
1699	1327
1700	1326
1701	1326
1702	1327
1703	1327
1704	1328
1705	1330
1706	1331
1707	1331
1708	1332
1709	1332
1710	1333
1711	1335
1712	1336
1713	1336
1714	1337
1715	1337
1716	1338
1717	1340
1718	1341
1719	1341
1720	1342
1721	1342
1722	1343
1723	1345
1724	1346
1725	1346
1726	1347
1727	1347
1728	1348
1729	1350
1730	1351
1731	1351
1732	1351
1733	1353
1734	1354
1735	1354
1736	1355
1737	1355
1738	1356
1739	1358
1740	1359
1741	1359
1742	1360
1743	1360
1744	1361
1745	1363
1746	1364
1747	1363
1748	1363
1749	1363
1750	1365
1751	1366
1752	1366
1753	1367
1754	1367
1755	1368
1756	1370
1757	1371
1758	1371
1759	1372
1760	1372
1761	1373
1762	1375
1763	1376
1764	1376
1765	1377
1766	1377
1767	1378
1768	1380
1769	1381
1770	1381
1771	1382
1772	1382
1773	1383
1774	1385
1775	1386
1776	1386
1777	1387
1778	1386
1779	1388
1780	1389
1781	1389
1782	1390
1783	1390
1784	1391
1785	1393
1786	1394
1787	1394
1788	1395
1789	1395
1790	1396
1791	1398
1792	1399
1793	1398
1794	1398
1795	1399
1796	1399
1797	1400
1798	1402
1799	1403
1800	1403
1801	1404
1802	1404
1803	1405
1804	1407
1805	1408
1806	1408
1807	1409
1808	1409
1809	1410
1810	1412
1811	1413
1812	1413
1813	1414
1814	1414
1815	1415
1816	1417
1817	1418
1818	1418
1819	1419
1820	1419
1821	1420
1822	1422
1823	1423
1824	1423
1825	1423
1826	1425
1827	1426
1828	1426
1829	1427
1830	1427
1831	1428
1832	1430
1833	1431
1834	1431
1835	1432
1836	1432
1837	1433
1838	1435
1839	1436
1840	1435
1841	1435
1842	1436
1843	1436
1844	1437
1845	1439
1846	1440
1847	1440
1848	1441
1849	1441
1850	1442
1851	1444
1852	1445
1853	1445
1854	1446
1855	1446
1856	1447
1857	1449
1858	1450
1859	1450
1860	1451
1861	1451
1862	1452
1863	1454
1864	1455
1865	1455
1866	1456
1867	1456
1868	1457
1869	1459
1870	1460
1871	1460
1872	1460
1873	1462
1874	1463
1875	1463
1876	1464
1877	1464
1878	1465
1879	1467
1880	1468
1881	1468
1882	1469
1883	1469
1884	1470
1885	1472
1886	1473
1887	1472
1888	1472
1889	1473
1890	1473
1891	1474
1892	1476
1893	1477
1894	1476
1895	1476
1896	1477
1897	1477
1898	1478
1899	1480
1900	1481
1901	1481
1902	1482
1903	1482
1904	1483
1905	1485
1906	1486
1907	1486
1908	1487
1909	1487
1910	1488
1911	1490
1912	1491
1913	1491
1914	1492
1915	1492
1916	1493
1917	1495
1918	1496
1919	1496
1920	1497
1921	1497
1922	1498
1923	1500
1924	1501
1925	1501
1926	1501
1927	1503
1928	1504
1929	1504
1930	1505
1931	1505
1932	1506
1933	1508
1934	1509
1935	1509
1936	1510
1937	1510
1938	1511
1939	1513
1940	1514
1941	1513
1942	1513
1943	1514
1944	1514
1945	1515
1946	1517
1947	1518
1948	1518
1949	1519
1950	1519
1951	1520
1952	1522
1953	1523
1954	1523
1955	1524
1956	1524
1957	1525
1958	1527
1959	1528
1960	1528
1961	1529
1962	1529
1963	1530
1964	1532
1965	1533
1966	1533
1967	1534
1968	1534
1969	1535
1970	1537
1971	1538
1972	1538
1973	1538
1974	1540
1975	1541
1976	1541
1977	1542
1978	1542
1979	1543
1980	1545
1981	1546
1982	1546
1983	1547
1984	1547
1985	1548
1986	1550
1987	1551
1988	1550
1989	1550
1990	1551
1991	1551
1992	1552
1993	1554
1994	1555
1995	1555
1996	1556
1997	1556
1998	1557
1999	1559
2000	1560
2001	1560
2002	1561
2003	1561
2004	1562
2005	1564
2006	1565
2007	1565
2008	1566
2009	1566
2010	1567
2011	1569
2012	1570
2013	1570
2014	1571
2015	1571
2016	1572
2017	1574
2018	1575
2019	1575
2020	1575
2021	1577
2022	1578
2023	1578
2024	1579
2025	1579
2026	1580
2027	1582
2028	1583
2029	1583
2030	1584
2031	1584
2032	1585
2033	1587
2034	1588
2035	1587
2036	1587
2037	1588
2038	1588
2039	1589
2040	1591
2041	1592
2042	1592
2043	1593
2044	1593
2045	1594
2046	1596
2047	1597
2048	1597
2049	1598
2050	1598
2051	1599
2052	1601
2053	1602
2054	1602
2055	1603
2056	1603
2057	1604
2058	1606
2059	1607
2060	1607
2061	1608
2062	1608
2063	1609
2064	1611
2065	1612
2066	1612
2067	1612
2068	1614
2069	1615
2070	1615
2071	1616
2072	1616
2073	1617
2074	1619
2075	1620
2076	1620
2077	1621
2078	1621
2079	1622
2080	1624
2081	1625
2082	1624
2083	1624
2084	1625
2085	1625
2086	1626
2087	1628
2088	1629
2089	1629
2090	1630
2091	1630
2092	1631
2093	1633
2094	1634
2095	1634
2096	1635
2097	1635
2098	1636
2099	1638
2100	1639
2101	1639
2102	1640
2103	1640
2104	1641
2105	1643
2106	1644
2107	1644
2108	1645
2109	1645
2110	1646
2111	1648
2112	1649
2113	1649
2114	1649
2115	1651
2116	1652
2117	1652
2118	1653
2119	1653
2120	1654
2121	1656
2122	1657
2123	1657
2124	1658
2125	1658
2126	1659
2127	1661
2128	1662
2129	1661
2130	1661
2131	1662
2132	1662
2133	1663
2134	1665
2135	1666
2136	1666
2137	1667
2138	1667
2139	1668
2140	1670
2141	1671
2142	1671
2143	1672
2144	1672
2145	1673
2146	1675
2147	1676
2148	1676
2149	1677
2150	1677
2151	1678
2152	1680
2153	1681
2154	1681
2155	1682
2156	1682
2157	1683
2158	1685
2159	1686
2160	1686
2161	1686
2162	1688
2163	1689
2164	1689
2165	1690
2166	1690
2167	1691
2168	1693
2169	1694
2170	1694
2171	1695
2172	1695
2173	1696
2174	1698
2175	1699
2176	1698
2177	1698
2178	1698
2179	1700
2180	1701
2181	1701
2182	1702
2183	1702
2184	1703
2185	1705
2186	1706
2187	1706
2188	1707
2189	1707
2190	1708
2191	1710
2192	1711
2193	1711
2194	1712
2195	1712
2196	1713
2197	1715
2198	1716
2199	1716
2200	1717
2201	1717
2202	1718
2203	1720
2204	1721
2205	1721
2206	1722
2207	1721
2208	1723
2209	1724
2210	1724
2211	1725
2212	1725
2213	1726
2214	1728
2215	1729
2216	1729
2217	1730
2218	1730
2219	1731
2220	1733
2221	1734
2222	1733
2223	1733
2224	1734
2225	1734
2226	1735
2227	1737
2228	1738
2229	1738
2230	1739
2231	1739
2232	1740
2233	1742
2234	1743
2235	1743
2236	1744
2237	1744
2238	1745
2239	1747
2240	1748
2241	1748
2242	1749
2243	1749
2244	1750
2245	1752
2246	1753
2247	1753
2248	1754
2249	1754
2250	1755
2251	1757
2252	1758
2253	1758
2254	1758
2255	1760
2256	1761
2257	1761
2258	1762
2259	1762
2260	1763
2261	1765
2262	1766
2263	1766
2264	1767
2265	1767
2266	1768
2267	1770
2268	1771
2269	1770
2270	1769
2271	1770
2272	1770
2273	1770
2274	1770
2275	1771
2276	1771
2277	1772
2278	1774
2279	1775
2280	1775
2281	1776
2282	1776
2283	1777
2284	1779
2285	1780
2286	1780
2287	1781
2288	1781
2289	1782
2290	1784
2291	1785
2292	1785
2293	1786
2294	1786
2295	1787
2296	1789
2297	1790
2298	1790
2299	1791
2300	1791
2301	1792
2302	1794
2303	1795
2304	1795
2305	1795
2306	1797
2307	1798
2308	1798
2309	1799
2310	1799
2311	1800
2312	1802
2313	1803
2314	1803
2315	1804
2316	1804
2317	1805
2318	1807
2319	1808
2320	1807
2321	1807
2322	1808
2323	1808
2324	1809
2325	1811
2326	1812
2327	1812
2328	1813
2329	1813
2330	1814
2331	1816
2332	1817
2333	1817
2334	1818
2335	1818
2336	1819
2337	1821
2338	1822
2339	1822
2340	1823
2341	1823
2342	1824
2343	1826
2344	1827
2345	1827
2346	1828
2347	1828
2348	1829
2349	1831
2350	1832
2351	1832
2352	1832
2353	1834
2354	1835
2355	1835
2356	1836
2357	1836
2358	1837
2359	1839
2360	1840
2361	1840
2362	1841
2363	1841
2364	1842
2365	1844
2366	1845
2367	1844
2368	1844
2369	1845
2370	1845
2371	1846
2372	1848
2373	1849
2374	1849
2375	1850
2376	1850
2377	1851
2378	1853
2379	1854
2380	1854
2381	1855
2382	1855
2383	1856
2384	1858
2385	1859
2386	1859
2387	1860
2388	1860
2389	1861
2390	1863
2391	1864
2392	1864
2393	1865
2394	1865
2395	1866
2396	1868
2397	1869
2398	1869
2399	1869
2400	1871
2401	1872
2402	1872
2403	1873
2404	1873
2405	1874
2406	1876
2407	1877
2408	1877
2409	1878
2410	1878
2411	1879
2412	1881
2413	1882
2414	1881
2415	1881
2416	1882
2417	1882
2418	1883
2419	1885
2420	1886
2421	1886
2422	1887
2423	1887
2424	1888
2425	1890
2426	1891
2427	1891
2428	1892
2429	1892
2430	1893
2431	1895
2432	1896
2433	1896
2434	1897
2435	1897
2436	1898
2437	1900
2438	1901
2439	1901
2440	1902
2441	1902
2442	1903
2443	1905
2444	1906
2445	1906
2446	1906
2447	1908
2448	1909
2449	1909
2450	1910
2451	1910
2452	1911
2453	1913
2454	1914
2455	1914
2456	1915
2457	1915
2458	1916
2459	1918
2460	1919
2461	1918
2462	1918
2463	1919
2464	1919
2465	1920
2466	1922
2467	1923
2468	1923
2469	1924
2470	1924
2471	1925
2472	1927
2473	1928
2474	1928
2475	1929
2476	1929
2477	1930
2478	1932
2479	1933
2480	1933
2481	1934
2482	1934
2483	1935
2484	1937
2485	1938
2486	1938
2487	1939
2488	1939
2489	1940
2490	1942
2491	1943
2492	1943
2493	1943
2494	1945
2495	1946
2496	1946
2497	1947
2498	1947
2499	1948
2500	1950
2501	1951
2502	1951
2503	1952
2504	1952
2505	1953
2506	1955
2507	1956
2508	1955
2509	1955
2510	1956
2511	1956
2512	1957
2513	1959
2514	1960
2515	1959
2516	1959
2517	1960
2518	1960
2519	1961
2520	1963
2521	1964
2522	1964
2523	1965
2524	1965
2525	1966
2526	1968
2527	1969
2528	1969
2529	1970
2530	1970
2531	1971
2532	1973
2533	1974
2534	1974
2535	1975
2536	1975
2537	1976
2538	1978
2539	1979
2540	1979
2541	1979
2542	1979
2543	1980
2544	1982
2545	1983
2546	1983
2547	1983
2548	1985
2549	1986
2550	1986
2551	1987
2552	1987
2553	1988
2554	1990
2555	1991
2556	1991
2557	1992
2558	1992
2559	1993
2560	1995
2561	1996
2562	1995
2563	1995
2564	1996
2565	1996
2566	1997
2567	1999
2568	2000
2569	2000
2570	2001
2571	2001
2572	2002
2573	2004
2574	2005
2575	2005
2576	2006
2577	2006
2578	2007
2579	2009
2580	2010
2581	2010
2582	2011
2583	2011
2584	2012
2585	2014
2586	2015
2587	2015
2588	2016
2589	2016
2590	2017
2591	2019
2592	2020
2593	2020
2594	2020
2595	2022
2596	2023
2597	2023
2598	2024
2599	2024
2600	2025
2601	2027
2602	2028
2603	2028
2604	2029
2605	2029
2606	2030
2607	2032
2608	2033
2609	2032
2610	2032
2611	2033
2612	2033
2613	2034
2614	2036
2615	2037
2616	2037
2617	2038
2618	2038
2619	2039
2620	2041
2621	2042
2622	2042
2623	2043
2624	2043
2625	2044
2626	2046
2627	2047
2628	2047
2629	2048
2630	2048
2631	2049
2632	2051
2633	2052
2634	2052
2635	2053
2636	2053
2637	2054
2638	2056
2639	2057
2640	2057
2641	2057
2642	2059
2643	2060
2644	2060
2645	2061
2646	2061
2647	2062
2648	2064
2649	2065
2650	2065
2651	2066
2652	2066
2653	2067
2654	2069
2655	2070
2656	2069
2657	2069
2658	2069
2659	2071
2660	2072
2661	2071
2662	2071
2663	2072
2664	2072
2665	2073
2666	2075
2667	2076
2668	2076
2669	2077
2670	2077
2671	2078
2672	2080
2673	2081
2674	2081
2675	2082
2676	2082
2677	2083
2678	2085
2679	2086
2680	2086
2681	2087
2682	2087
2683	2088
2684	2090
2685	2091
2686	2091
2687	2092
2688	2092
2689	2093
2690	2095
2691	2096
2692	2096
2693	2096
2694	2098
2695	2099
2696	2099
2697	2100
2698	2100
2699	2101
2700	2103
2701	2104
2702	2104
2703	2105
2704	2105
2705	2106
2706	2108
2707	2109
2708	2108
2709	2108
2710	2109
2711	2109
2712	2110
2713	2112
2714	2113
2715	2113
2716	2114
2717	2114
2718	2115
2719	2117
2720	2118
2721	2118
2722	2119
2723	2119
2724	2120
2725	2122
2726	2123
2727	2123
2728	2124
2729	2124
2730	2125
2731	2127
2732	2128
2733	2128
2734	2129
2735	2129
2736	2130
2737	2132
2738	2133
2739	2133
2740	2133
2741	2135
2742	2136
2743	2136
2744	2137
2745	2137
2746	2138
2747	2140
2748	2141
2749	2141
2750	2142
2751	2142
2752	2143
2753	2145
2754	2146
2755	2145
2756	2145
2757	2146
2758	2146
2759	2147
2760	2149
2761	2150
2762	2150
2763	2151
2764	2151
2765	2152
2766	2154
2767	2155
2768	2155
2769	2156
2770	2156
2771	2157
2772	2159
2773	2160
2774	2160
2775	2161
2776	2161
2777	2162
2778	2164
2779	2165
2780	2165
2781	2166
2782	2166
2783	2167
2784	2169
2785	2170
2786	2170
2787	2170
2788	2172
2789	2173
2790	2173
2791	2174
2792	2174
2793	2175
2794	2177
2795	2178
2796	2178
2797	2179
2798	2179
2799	2180
2800	2182
2801	2183
2802	2182
2803	2182
2804	2183
2805	2183
2806	2184
2807	2186
2808	2187
2809	2187
2810	2188
2811	2188
2812	2189
2813	2191
2814	2192
2815	2192
2816	2193
2817	2193
2818	2194
2819	2196
2820	2197
2821	2197
2822	2198
2823	2198
2824	2199
2825	2201
2826	2202
2827	2202
2828	2203
2829	2203
2830	2204
2831	2206
2832	2207
2833	2207
2834	2207
2835	2209
2836	2210
2837	2210
2838	2211
2839	2211
2840	2212
2841	2214
2842	2215
2843	2215
2844	2216
2845	2216
2846	2217
2847	2219
2848	2220
2849	2219
2850	2219
2851	2220
2852	2220
2853	2221
2854	2223
2855	2224
2856	2224
2857	2225
2858	2225
2859	2226
2860	2228
2861	2229
2862	2228
2863	2228
2864	2229
2865	2229
2866	2230
2867	2232
2868	2233
2869	2233
2870	2234
2871	2234
2872	2235
2873	2237
2874	2238
2875	2238
2876	2239
2877	2239
2878	2240
2879	2242
2880	2243
2881	2243
2882	2244
2883	2244
2884	2245
2885	2247
2886	2248
2887	2248
2888	2249
2889	2249
2890	2250
2891	2252
2892	2253
2893	2253
2894	2253
2895	2255
2896	2256
2897	2256
2898	2257
2899	2257
2900	2258
2901	2260
2902	2261
2903	2261
2904	2262
2905	2262
2906	2263
2907	2265
2908	2266
2909	2265
2910	2265
2911	2266
2912	2266
2913	2267
2914	2269
2915	2270
2916	2270
2917	2271
2918	2271
2919	2272
2920	2274
2921	2275
2922	2275
2923	2276
2924	2276
2925	2277
2926	2279
2927	2280
2928	2280
2929	2281
2930	2281
2931	2282
2932	2284
2933	2285
2934	2285
2935	2286
2936	2286
2937	2287
2938	2289
2939	2290
2940	2290
2941	2290
2942	2292
2943	2293
2944	2293
2945	2294
2946	2294
2947	2295
2948	2297
2949	2298
2950	2298
2951	2299
2952	2299
2953	2300
2954	2302
2955	2303
2956	2302
2957	2302
2958	2303
2959	2303
2960	2304
2961	2306
2962	2307
2963	2307
2964	2308
2965	2308
2966	2309
2967	2311
2968	2312
2969	2312
2970	2313
2971	2313
2972	2314
2973	2316
2974	2317
2975	2317
2976	2318
2977	2318
2978	2319
2979	2321
2980	2322
2981	2322
2982	2323
2983	2323
2984	2324
2985	2326
2986	2327
2987	2327
2988	2327
2989	2329
2990	2330
2991	2330
2992	2331
2993	2331
2994	2332
2995	2334
2996	2335
2997	2335
2998	2336
2999	2336
3000	2337
3001	2339
3002	2340
3003	2339
3004	2339
3005	2340
3006	2340
3007	2341
3008	2343
3009	2344
3010	2344
3011	2345
3012	2345
3013	2346
3014	2348
3015	2349
3016	2349
3017	2350
3018	2350
3019	2351
3020	2353
3021	2354
3022	2354
3023	2355
3024	2355
3025	2356
3026	2358
3027	2359
3028	2359
3029	2360
3030	2360
3031	2361
3032	2363
3033	2364
3034	2364
3035	2364
3036	2366
3037	2367
3038	2367
3039	2368
3040	2368
3041	2369
3042	2371
3043	2372
3044	2372
3045	2373
3046	2373
3047	2374
3048	2376
3049	2377
3050	2376
3051	2376
3052	2377
3053	2377
3054	2378
3055	2380
3056	2381
3057	2381
3058	2382
3059	2382
3060	2383
3061	2385
3062	2386
3063	2386
3064	2387
3065	2387
3066	2388
3067	2390
3068	2391
3069	2391
3070	2392
3071	2392
3072	2393
3073	2395
3074	2396
3075	2396
3076	2397
3077	2397
3078	2398
3079	2400
3080	2401
3081	2401
3082	2401
3083	2403
3084	2404
3085	2404
3086	2405
3087	2405
3088	2406
3089	2408
3090	2409
3091	2409
3092	2410
3093	2410
3094	2411
3095	2413
3096	2414
3097	2413
3098	2413
3099	2414
3100	2414
3101	2415
3102	2417
3103	2418
3104	2418
3105	2419
3106	2419
3107	2420
3108	2422
3109	2423
3110	2423
3111	2424
3112	2424
3113	2425
3114	2427
3115	2428
3116	2428
3117	2429
3118	2429
3119	2430
3120	2432
3121	2433
3122	2433
3123	2434
3124	2434
3125	2435
3126	2437
3127	2438
3128	2438
3129	2438
3130	2440
3131	2441
3132	2441
3133	2442
3134	2442
3135	2443
3136	2445
3137	2446
3138	2446
3139	2447
3140	2447
3141	2448
3142	2450
3143	2451
3144	2450
3145	2450
3146	2451
3147	2451
3148	2452
3149	2454
3150	2455
3151	2455
3152	2456
3153	2455
3154	2457
3155	2458
3156	2458
3157	2459
3158	2459
3159	2460
3160	2462
3161	2463
3162	2463
3163	2464
3164	2464
3165	2464
3166	2464
3167	2465
3168	2465
3169	2466
3170	2468
3171	2469
3172	2469
3173	2470
3174	2470
3175	2471
3176	2473
3177	2474
3178	2474
3179	2474
3180	2474
3181	2475
3182	2477
3183	2478
3184	2478
3185	2479
3186	2479
3187	2479
3188	2479
3189	2480
3190	2480
3191	2481
3192	2483
3193	2484
3194	2484
3195	2485
3196	2485
3197	2486
3198	2488
3199	2489
3200	2489
3201	2490
3202	2490
3203	2491
3204	2493
3205	2494
3206	2494
3207	2495
3208	2495
3209	2496
3210	2498
3211	2499
3212	2499
3213	2500
3214	2500
3215	2501
3216	2503
3217	2504
3218	2504
3219	2504
3220	2506
3221	2507
3222	2507
3223	2508
3224	2508
3225	2509
3226	2511
3227	2512
3228	2512
3229	2513
3230	2513
3231	2514
3232	2516
3233	2517
3234	2516
3235	2516
3236	2517
3237	2517
3238	2518
3239	2520
3240	2521
3241	2521
3242	2522
3243	2522
3244	2523
3245	2525
3246	2526
3247	2526
3248	2527
3249	2527
3250	2528
3251	2530
3252	2531
3253	2531
3254	2532
3255	2532
3256	2533
3257	2535
3258	2536
3259	2536
3260	2537
3261	2537
3262	2538
3263	2540
3264	2541
3265	2541
3266	2541
3267	2543
3268	2544
3269	2544
3270	2545
3271	2545
3272	2546
3273	2548
3274	2549
3275	2549
3276	2550
3277	2550
3278	2551
3279	2553
3280	2554
3281	2553
3282	2553
3283	2554
3284	2554
3285	2555
3286	2557
3287	2558
3288	2558
3289	2559
3290	2559
3291	2560
3292	2562
3293	2563
3294	2563
3295	2564
3296	2564
3297	2565
3298	2567
3299	2568
3300	2568
3301	2569
3302	2569
3303	2570
3304	2572
3305	2573
3306	2573
3307	2574
3308	2574
3309	2575
3310	2577
3311	2578
3312	2578
3313	2578
3314	2580
3315	2581
3316	2581
3317	2582
3318	2582
3319	2583
3320	2585
3321	2586
3322	2586
3323	2587
3324	2587
3325	2588
3326	2590
3327	2591
3328	2590
3329	2590
3330	2591
3331	2591
3332	2592
3333	2594
3334	2595
3335	2595
3336	2596
3337	2596
3338	2597
3339	2599
3340	2600
3341	2600
3342	2601
3343	2601
3344	2602
3345	2604
3346	2605
3347	2605
3348	2606
3349	2606
3350	2607
3351	2609
3352	2610
3353	2610
3354	2611
3355	2611
3356	2612
3357	2614
3358	2615
3359	2615
3360	2615
3361	2617
3362	2618
3363	2618
3364	2619
3365	2619
3366	2620
3367	2622
3368	2623
3369	2623
3370	2624
3371	2624
3372	2625
3373	2627
3374	2628
3375	2627
3376	2627
3377	2628
3378	2628
3379	2629
3380	2631
3381	2632
3382	2632
3383	2633
3384	2633
3385	2633
3386	2633
3387	2634
3388	2634
3389	2635
3390	2637
3391	2638
3392	2638
3393	2639
3394	2639
3395	2640
3396	2642
3397	2643
3398	2643
3399	2644
3400	2644
3401	2645
3402	2647
3403	2648
3404	2648
3405	2649
3406	2649
3407	2650
3408	2652
3409	2653
3410	2653
3411	2654
3412	2654
3413	2655
3414	2657
3415	2658
3416	2658
3417	2658
3418	2660
3419	2661
3420	2661
3421	2662
3422	2662
3423	2663
3424	2665
3425	2666
3426	2666
3427	2667
3428	2667
3429	2668
3430	2670
3431	2671
3432	2670
3433	2670
3434	2670
3435	2670
3436	2671
3437	2673
3438	2674
3439	2674
3440	2675
3441	2675
3442	2675
3443	2675
3444	2676
3445	2676
3446	2677
3447	2679
3448	2680
3449	2680
3450	2681
3451	2681
3452	2682
3453	2684
3454	2685
3455	2685
3456	2686
3457	2686
3458	2687
3459	2689
3460	2690
3461	2690
3462	2691
3463	2691
3464	2692
3465	2694
3466	2695
3467	2695
3468	2696
3469	2696
3470	2697
3471	2699
3472	2700
3473	2700
3474	2700
3475	2702
3476	2703
3477	2703
3478	2704
3479	2704
3480	2705
3481	2707
3482	2708
3483	2708
3484	2709
3485	2709
3486	2710
3487	2712
3488	2713
3489	2712
3490	2712
3491	2713
3492	2713
3493	2714
3494	2716
3495	2717
3496	2717
3497	2718
3498	2718
3499	2719
3500	2721
3501	2722
3502	2722
3503	2723
3504	2723
3505	2724
3506	2726
3507	2727
3508	2727
3509	2728
3510	2728
3511	2729
3512	2731
3513	2732
3514	2732
3515	2733
3516	2733
3517	2734
3518	2736
3519	2737
3520	2737
3521	2737
3522	2739
3523	2740
3524	2740
3525	2741
3526	2741
3527	2742
3528	2744
3529	2745
3530	2745
3531	2746
3532	2746
3533	2747
3534	2749
3535	2750
3536	2749
3537	2749
3538	2750
3539	2750
3540	2751
3541	2753
3542	2754
3543	2754
3544	2755
3545	2755
3546	2756
3547	2758
3548	2759
3549	2759
3550	2760
3551	2760
3552	2761
3553	2763
3554	2764
3555	2764
3556	2765
3557	2765
3558	2766
3559	2768
3560	2769
3561	2769
3562	2770
3563	2770
3564	2771
3565	2773
3566	2774
3567	2774
3568	2774
3569	2776
3570	2777
3571	2777
3572	2778
3573	2778
3574	2779
3575	2781
3576	2782
3577	2782
3578	2783
3579	2783
3580	2784
3581	2786
3582	2787
3583	2786
3584	2786
3585	2787
3586	2787
3587	2788
3588	2790
3589	2791
3590	2790
3591	2790
3592	2791
3593	2791
3594	2792
3595	2794
3596	2795
3597	2795
3598	2796
3599	2796
3600	2797
3601	2799
3602	2800
3603	2800
3604	2801
3605	2801
3606	2802
3607	2804
3608	2805
3609	2805
3610	2806
3611	2806
3612	2807
3613	2809
3614	2810
3615	2810
3616	2811
3617	2811
3618	2812
3619	2814
3620	2815
3621	2815
3622	2815
3623	2817
3624	2818
3625	2818
3626	2819
3627	2819
3628	2820
3629	2822
3630	2823
3631	2823
3632	2824
3633	2824
3634	2825
3635	2827
3636	2828
3637	2827
3638	2827
3639	2828
3640	2828
3641	2829
3642	2831
3643	2832
3644	2832
3645	2833
3646	2833
3647	2834
3648	2836
3649	2837
3650	2837
3651	2838
3652	2838
3653	2839
3654	2841
3655	2842
3656	2842
3657	2843
3658	2843
3659	2844
3660	2846
3661	2847
3662	2847
3663	2848
3664	2848
3665	2849
3666	2851
3667	2852
3668	2852
3669	2852
3670	2854
3671	2855
3672	2855
3673	2856
3674	2856
3675	2857
3676	2859
3677	2860
3678	2860
3679	2861
3680	2861
3681	2862
3682	2864
3683	2865
3684	2864
3685	2864
3686	2865
3687	2865
3688	2866
3689	2868
3690	2869
3691	2869
3692	2870
3693	2870
3694	2871
3695	2873
3696	2874
3697	2874
3698	2875
3699	2875
3700	2876
3701	2878
3702	2879
3703	2879
3704	2880
3705	2880
3706	2881
3707	2883
3708	2884
3709	2884
3710	2885
3711	2885
3712	2886
3713	2888
3714	2889
3715	2889
3716	2889
3717	2891
3718	2892
3719	2892
3720	2893
3721	2893
3722	2894
3723	2896
3724	2897
3725	2897
3726	2898
3727	2898
3728	2899
3729	2901
3730	2902
3731	2901
3732	2901
3733	2902
3734	2902
3735	2903
3736	2905
3737	2906
3738	2906
3739	2907
3740	2907
3741	2908
3742	2910
3743	2911
3744	2911
3745	2912
3746	2912
3747	2913
3748	2915
3749	2916
3750	2916
3751	2917
3752	2917
3753	2918
3754	2920
3755	2921
3756	2921
3757	2922
3758	2922
3759	2923
3760	2925
3761	2926
3762	2926
3763	2926
3764	2928
3765	2929
3766	2929
3767	2930
3768	2930
3769	2931
3770	2933
3771	2934
3772	2934
3773	2935
3774	2935
3775	2936
3776	2938
3777	2939
3778	2938
3779	2938
3780	2939
3781	2939
3782	2940
3783	2942
3784	2943
3785	2943
3786	2944
3787	2944
3788	2945
3789	2947
3790	2948
3791	2948
3792	2949
3793	2949
3794	2950
3795	2952
3796	2953
3797	2953
3798	2954
3799	2954
3800	2955
3801	2957
3802	2958
3803	2958
3804	2959
3805	2959
3806	2960
3807	2962
3808	2963
3809	2963
3810	2963
3811	2965
3812	2966
3813	2966
3814	2967
3815	2967
3816	2968
3817	2970
3818	2971
3819	2971
3820	2972
3821	2972
3822	2973
3823	2975
3824	2976
3825	2975
3826	2975
3827	2976
3828	2976
3829	2977
3830	2979
3831	2980
3832	2980
3833	2981
3834	2981
3835	2982
3836	2984
3837	2985
3838	2985
3839	2986
3840	2986
3841	2987
3842	2989
3843	2990
3844	2990
3845	2991
3846	2991
3847	2992
3848	2994
3849	2995
3850	2995
3851	2996
3852	2996
3853	2997
3854	2999
3855	3000
3856	3000
3857	3000
3858	3002
3859	3003
3860	3003
3861	3004
3862	3004
3863	3005
3864	3007
3865	3008
3866	3008
3867	3009
3868	3009
3869	3010
3870	3012
3871	3013
3872	3012
3873	3012
3874	3012
3875	3014
3876	3015
3877	3015
3878	3016
3879	3016
3880	3017
3881	3019
3882	3020
3883	3020
3884	3021
3885	3021
3886	3022
3887	3024
3888	3025
3889	3025
3890	3026
3891	3026
3892	3027
3893	3029
3894	3030
3895	3030
3896	3031
3897	3031
3898	3032
3899	3034
3900	3035
3901	3035
3902	3036
3903	3035
3904	3037
3905	3038
3906	3038
3907	3039
3908	3039
3909	3040
3910	3042
3911	3043
3912	3043
3913	3044
3914	3044
3915	3045
3916	3047
3917	3048
3918	3047
3919	3047
3920	3048
3921	3048
3922	3049
3923	3051
3924	3052
3925	3052
3926	3053
3927	3053
3928	3054
3929	3056
3930	3057
3931	3057
3932	3058
3933	3058
3934	3059
3935	3061
3936	3062
3937	3062
3938	3063
3939	3063
3940	3064
3941	3066
3942	3067
3943	3067
3944	3068
3945	3068
3946	3069
3947	3071
3948	3072
3949	3072
3950	3072
3951	3074
3952	3075
3953	3075
3954	3076
3955	3076
3956	3077
3957	3079
3958	3080
3959	3080
3960	3081
3961	3081
3962	3082
3963	3084
3964	3085
3965	3084
3966	3083
3967	3084
3968	3084
3969	3084
3970	3084
3971	3085
3972	3085
3973	3086
3974	3088
3975	3089
3976	3089
3977	3090
3978	3090
3979	3091
3980	3093
3981	3094
3982	3094
3983	3095
3984	3095
3985	3096
3986	3098
3987	3099
3988	3099
3989	3100
3990	3100
3991	3101
3992	3103
3993	3104
3994	3104
3995	3105
3996	3105
3997	3106
3998	3108
3999	3109
4000	3109
4001	3109
4002	3111
4003	3112
4004	3112
4005	3113
4006	3113
4007	3114
4008	3116
4009	3117
4010	3117
4011	3118
4012	3118
4013	3119
4014	3121
4015	3122
4016	3121
4017	3121
4018	3122
4019	3122
4020	3123
4021	3125
4022	3126
4023	3126
4024	3127
4025	3127
4026	3128
4027	3130
4028	3131
4029	3131
4030	3132
4031	3132
4032	3133
4033	3135
4034	3136
4035	3136
4036	3137
4037	3137
4038	3138
4039	3140
4040	3141
4041	3141
4042	3142
4043	3142
4044	3143
4045	3145
4046	3146
4047	3146
4048	3146
4049	3148
4050	3149
4051	3149
4052	3150
4053	3150
4054	3151
4055	3153
4056	3154
4057	3154
4058	3155
4059	3155
4060	3156
4061	3158
4062	3159
4063	3158
4064	3158
4065	3159
4066	3159
4067	3160
4068	3162
4069	3163
4070	3163
4071	3164
4072	3164
4073	3165
4074	3167
4075	3168
4076	3168
4077	3169
4078	3169
4079	3170
4080	3172
4081	3173
4082	3173
4083	3174
4084	3174
4085	3175
4086	3177
4087	3178
4088	3178
4089	3179
4090	3179
4091	3180
4092	3182
4093	3183
4094	3183
4095	3183
4096	3185
4097	3186
4098	3186
4099	3187
4100	3187
4101	3188
4102	3190
4103	3191
4104	3191
4105	3192
4106	3192
4107	3193
4108	3195
4109	3196
4110	3195
4111	3195
4112	3196
4113	3196
4114	3197
4115	3199
4116	3200
4117	3200
4118	3201
4119	3201
4120	3202
4121	3204
4122	3205
4123	3205
4124	3206
4125	3206
4126	3207
4127	3209
4128	3210
4129	3210
4130	3211
4131	3211
4132	3212
4133	3214
4134	3215
4135	3215
4136	3216
4137	3216
4138	3217
4139	3219
4140	3220
4141	3220
4142	3220
4143	3222
4144	3223
4145	3223
4146	3224
4147	3224
4148	3225
4149	3227
4150	3228
4151	3228
4152	3229
4153	3229
4154	3230
4155	3232
4156	3233
4157	3232
4158	3232
4159	3233
4160	3233
4161	3234
4162	3236
4163	3237
4164	3237
4165	3238
4166	3238
4167	3239
4168	3241
4169	3242
4170	3242
4171	3243
4172	3243
4173	3244
4174	3246
4175	3247
4176	3247
4177	3248
4178	3248
4179	3249
4180	3251
4181	3252
4182	3252
4183	3253
4184	3253
4185	3254
4186	3256
4187	3257
4188	3257
4189	3257
4190	3259
4191	3260
4192	3260
4193	3261
4194	3261
4195	3262
4196	3264
4197	3265
4198	3265
4199	3266
4200	3266
4201	3267
4202	3269
4203	3270
4204	3269
4205	3269
4206	3270
4207	3270
4208	3271
4209	3273
4210	3274
4211	3273
4212	3273
4213	3274
4214	3274
4215	3275
4216	3277
4217	3278
4218	3278
4219	3279
4220	3279
4221	3280
4222	3282
4223	3283
4224	3283
4225	3284
4226	3284
4227	3285
4228	3287
4229	3288
4230	3288
4231	3289
4232	3289
4233	3290
4234	3292
4235	3293
4236	3293
4237	3294
4238	3294
4239	3295
4240	3297
4241	3298
4242	3298
4243	3298
4244	3300
4245	3301
4246	3301
4247	3302
4248	3302
4249	3303
4250	3305
4251	3306
4252	3306
4253	3307
4254	3307
4255	3308
4256	3310
4257	3311
4258	3310
4259	3310
4260	3311
4261	3311
4262	3312
4263	3314
4264	3315
4265	3315
4266	3316
4267	3316
4268	3317
4269	3319
4270	3320
4271	3320
4272	3321
4273	3321
4274	3322
4275	3324
4276	3325
4277	3325
4278	3326
4279	3326
4280	3327
4281	3329
4282	3330
4283	3330
4284	3331
4285	3331
4286	3332
4287	3334
4288	3335
4289	3335
4290	3335
4291	3337
4292	3338
4293	3338
4294	3339
4295	3339
4296	3340
4297	3342
4298	3343
4299	3343
4300	3344
4301	3344
4302	3345
4303	3347
4304	3348
4305	3347
4306	3347
4307	3348
4308	3348
4309	3349
4310	3351
4311	3352
4312	3352
4313	3353
4314	3352
4315	3354
4316	3355
4317	3355
4318	3356
4319	3356
4320	3357
4321	3359
4322	3360
4323	3360
4324	3361
4325	3361
4326	3361
4327	3361
4328	3362
4329	3362
4330	3363
4331	3365
4332	3366
4333	3366
4334	3367
4335	3367
4336	3368
4337	3370
4338	3371
4339	3371
4340	3372
4341	3372
4342	3373
4343	3375
4344	3376
4345	3376
4346	3377
4347	3377
4348	3377
4349	3377
4350	3378
4351	3378
4352	3379
4353	3381
4354	3382
4355	3382
4356	3382
4357	3382
4358	3383
4359	3385
4360	3386
4361	3386
4362	3387
4363	3387
4364	3388
4365	3390
4366	3391
4367	3391
4368	3392
4369	3392
4370	3393
4371	3395
4372	3396
4373	3396
4374	3397
4375	3397
4376	3397
4377	3397
4378	3398
4379	3398
4380	3399
4381	3401
4382	3402
4383	3402
4384	3403
4385	3403
4386	3404
4387	3406
4388	3407
4389	3407
4390	3408
4391	3408
4392	3409
4393	3411
4394	3412
4395	3412
4396	3413
4397	3413
4398	3414
4399	3416
4400	3417
4401	3417
4402	3418
4403	3418
4404	3419
4405	3421
4406	3422
4407	3422
4408	3422
4409	3424
4410	3425
4411	3425
4412	3426
4413	3426
4414	3427
4415	3429
4416	3430
4417	3430
4418	3431
4419	3431
4420	3432
4421	3434
4422	3435
4423	3434
4424	3434
4425	3435
4426	3435
4427	3436
4428	3438
4429	3439
4430	3439
4431	3440
4432	3440
4433	3441
4434	3443
4435	3444
4436	3444
4437	3445
4438	3445
4439	3446
4440	3448
4441	3449
4442	3449
4443	3450
4444	3450
4445	3451
4446	3453
4447	3454
4448	3454
4449	3455
4450	3455
4451	3456
4452	3458
4453	3459
4454	3459
4455	3459
4456	3461
4457	3462
4458	3462
4459	3463
4460	3463
4461	3464
4462	3466
4463	3467
4464	3467
4465	3468
4466	3468
4467	3469
4468	3471
4469	3472
4470	3471
4471	3471
4472	3471
4473	3471
4474	3472
4475	3474
4476	3475
4477	3475
4478	3476
4479	3476
4480	3477
4481	3479
4482	3480
4483	3480
4484	3481
4485	3481
4486	3482
4487	3484
4488	3485
4489	3485
4490	3486
4491	3486
4492	3487
4493	3489
4494	3490
4495	3490
4496	3491
4497	3491
4498	3492
4499	3494
4500	3495
4501	3495
4502	3495
4503	3497
4504	3498
4505	3498
4506	3499
4507	3499
4508	3500
4509	3502
4510	3503
4511	3503
4512	3504
4513	3504
4514	3505
4515	3507
4516	3508
4517	3507
4518	3507
4519	3508
4520	3508
4521	3509
4522	3511
4523	3512
4524	3512
4525	3513
4526	3513
4527	3514
4528	3516
4529	3517
4530	3517
4531	3518
4532	3518
4533	3519
4534	3521
4535	3522
4536	3522
4537	3523
4538	3523
4539	3524
4540	3526
4541	3527
4542	3527
4543	3527
4544	3527
4545	3528
4546	3530
4547	3531
4548	3531
4549	3531
4550	3533
4551	3534
4552	3534
4553	3535
4554	3535
4555	3536
4556	3538
4557	3539
4558	3539
4559	3540
4560	3540
4561	3541
4562	3543
4563	3544
4564	3543
4565	3543
4566	3543
4567	3543
4568	3544
4569	3546
4570	3547
4571	3547
4572	3548
4573	3548
4574	3549
4575	3551
4576	3552
4577	3552
4578	3553
4579	3553
4580	3554
4581	3556
4582	3557
4583	3557
4584	3558
4585	3558
4586	3559
4587	3561
4588	3562
4589	3562
4590	3563
4591	3563
4592	3564
4593	3566
4594	3567
4595	3567
4596	3567
4597	3569
4598	3570
4599	3570
4600	3571
4601	3571
4602	3571
4603	3571
4604	3572
4605	3572
4606	3573
4607	3575
4608	3576
4609	3576
4610	3577
4611	3577
4612	3578
4613	3580
4614	3581
4615	3581
4616	3582
4617	3582
4618	3583
4619	3585
4620	3586
4621	3586
4622	3587
4623	3587
4624	3588
4625	3590
4626	3591
4627	3591
4628	3592
4629
0.019879999992554076
